1.999991
1.999992
1.999992
1.999993
1.999993
1.999993
1.999994
1.999994
1.999994
1.999995
1.999995
1.999995
1.999996
1.999996
1.999996
1.999996
1.999996
1.999997
1.999997
1.999997
1.999997
1.999997
1.999997
1.999997
1.999997
1.999997
1.999997
1.999997
1.999997
1.999997
1.999997
1.999997
1.999997
1.999997
1.999997
1.999997
1.999997
1.999997
1.999996
1.999996
1.999996
1.999996
1.999996
1.999997
1.999997
1.999997
1.999997
1.999997
1.999997
1.999997
1.999997
1.999997
1.999997
1.999997
1.999996
1.999996
1.999996
1.999996
1.999996
1.999996
1.999996
1.999996
1.999997
1.999997
1.999997
1.999997
1.999997
1.999997
1.999997
1.999997
1.999997
1.999997
1.999997
1.999997
1.999997
1.999997
1.999998
1.999998
1.999998
1.999998
1.999998
1.999998
1.999998
1.999997
1.999997
1.999997
1.999998
1.999998
1.999998
1.999998
1.999998
1.999998
1.999998
1.999998
1.999998
1.999998
1.999998
1.999998
1.999997
1.999997
1.999997
1.999997
1.999997
1.999997
1.999997
1.999997
1.999997
1.999997
1.999997
1.999996
1.999996
1.999996
1.999996
1.999996
1.999996
1.999996
1.999996
1.999996
1.999996
1.999996
1.999996
1.999996
1.999996
1.999996
1.999995
1.999995
1.999995
1.999995
1.999995
1.999996
1.999996
1.999996
1.999996
1.999996
1.999996
1.999996
1.999996
1.999996
1.999996
1.999996
1.999996
1.999996
1.999996
1.999996
1.999996
1.999995
1.999995
1.999995
1.999995
1.999995
1.999995
1.999995
1.999995
1.999994
1.999994
1.999994
1.999993
1.999993
1.999993
1.999992
1.999992
1.999992
1.999991
1.999991
1.999991
1.999991
1.999990
1.999990
1.999990
1.999990
1.999990
1.999989
1.999989
1.999989
1.999988
1.999988
1.999988
1.999988
1.999987
1.999987
1.999987
1.999987
1.999987
1.999987
1.999987
1.999987
1.999986
1.999986
1.999986
1.999985
1.999985
1.999984
1.999984
1.999983
1.999983
1.999983
1.999982
1.999982
1.999982
1.999983
1.999983
1.999983
1.999983
1.999983
1.999984
1.999983
1.999983
1.999983
1.999983
1.999983
1.999983
1.999982
1.999982
1.999983
1.999983
1.999983
1.999983
1.999983
1.999983
1.999983
1.999983
1.999982
1.999982
1.999982
1.999981
1.999980
1.999979
1.999978
1.999977
1.999975
1.999974
1.999973
1.999971
1.999971
1.999970
1.999969
1.999968
1.999968
1.999966
1.999966
1.999964
1.999964
1.999963
1.999962
1.999961
1.999960
1.999959
1.999957
1.999956
1.999954
1.999952
1.999949
1.999946
1.999943
1.999940
1.999937
1.999934
1.999930
1.999927
1.999922
1.999916
1.999912
1.999907
1.999902
1.999895
1.999890
1.999885
1.999881
1.999877
1.999875
1.999872
1.999869
1.999868
1.999865
1.999861
1.999859
1.999858
1.999855
1.999855
1.999852
1.999848
1.999842
1.999838
1.999835
1.999835
1.999832
1.999827
1.999821
1.999816
1.999809
1.999804
1.999802
1.999797
1.999791
1.999786
1.999780
1.999775
1.999774
1.999770
1.999768
1.999764
