1.999991
1.999990
1.999990
1.999990
1.999990
1.999990
1.999990
1.999990
1.999989
1.999989
1.999989
1.999989
1.999989
1.999989
1.999988
1.999988
1.999988
1.999988
1.999988
1.999988
1.999987
1.999987
1.999987
1.999987
1.999987
1.999986
1.999986
1.999986
1.999986
1.999986
1.999985
1.999985
1.999985
1.999985
1.999985
1.999984
1.999984
1.999984
1.999984
1.999983
1.999983
1.999983
1.999983
1.999982
1.999982
1.999982
1.999982
1.999981
1.999981
1.999981
1.999981
1.999980
1.999980
1.999980
1.999980
1.999979
1.999979
1.999979
1.999978
1.999978
1.999978
1.999977
1.999977
1.999977
1.999976
1.999976
1.999976
1.999975
1.999975
1.999975
1.999974
1.999974
1.999974
1.999973
1.999973
1.999972
1.999972
1.999972
1.999971
1.999971
1.999970
1.999970
1.999970
1.999969
1.999969
1.999968
1.999968
1.999967
1.999967
1.999966
1.999966
1.999965
1.999965
1.999964
1.999964
1.999963
1.999963
1.999962
1.999962
1.999961
1.999961
1.999960
1.999960
1.999959
1.999958
1.999958
1.999957
1.999957
1.999956
1.999955
1.999955
1.999954
1.999954
1.999953
1.999952
1.999952
1.999951
1.999950
1.999950
1.999949
1.999948
1.999947
1.999947
1.999946
1.999945
1.999944
1.999944
1.999943
1.999942
1.999941
1.999940
1.999939
1.999939
1.999938
1.999937
1.999936
1.999935
1.999934
1.999933
1.999932
1.999931
1.999930
1.999929
1.999928
1.999927
1.999926
1.999925
1.999924
1.999923
1.999922
1.999921
1.999920
1.999919
1.999918
1.999917
1.999916
1.999914
1.999913
1.999912
1.999911
1.999909
1.999908
1.999907
1.999906
1.999904
1.999903
1.999902
1.999900
1.999899
1.999898
1.999896
1.999895
1.999893
1.999892
1.999890
1.999889
1.999887
1.999886
1.999884
1.999882
1.999881
1.999879
1.999877
1.999876
1.999874
1.999872
1.999870
1.999869
1.999867
1.999865
1.999863
1.999861
1.999859
1.999857
1.999855
1.999853
1.999851
1.999849
1.999847
1.999845
1.999843
1.999841
1.999839
1.999836
1.999834
1.999832
1.999829
1.999827
1.999825
1.999822
1.999820
1.999817
1.999815
1.999812
1.999810
1.999807
1.999804
1.999802
1.999799
1.999796
1.999793
1.999790
1.999788
1.999785
1.999782
1.999779
1.999776
1.999772
1.999769
1.999766
1.999763
1.999760
1.999756
1.999753
1.999750
1.999746
1.999743
1.999739
1.999735
1.999732
1.999728
1.999724
1.999720
1.999717
1.999713
1.999709
1.999705
1.999701
1.999696
1.999692
1.999688
1.999684
1.999679
1.999675
1.999670
1.999666
1.999661
1.999657
1.999652
1.999647
1.999642
1.999637
1.999632
1.999627
1.999622
1.999617
1.999611
1.999606
1.999601
1.999595
1.999589
1.999584
1.999578
1.999572
1.999566
1.999560
1.999554
1.999548
1.999542
1.999535
1.999529
1.999522
1.999516
1.999509
1.999502
1.999495
1.999488
1.999481
1.999474
1.999467
1.999459
1.999452
1.999444
1.999436
1.999428
1.999420
1.999412
1.999404
1.999396
1.999387
1.999379
