1.999991
1.999991
1.999992
1.999993
1.999992
1.999993
1.999993
1.999994
1.999994
1.999995
1.999995
1.999996
1.999996
1.999996
1.999995
1.999996
1.999996
1.999996
1.999997
1.999996
1.999996
1.999996
1.999996
1.999996
1.999995
1.999996
1.999996
1.999995
1.999996
1.999995
1.999996
1.999995
1.999995
1.999994
1.999993
1.999992
1.999993
1.999994
1.999993
1.999994
1.999994
1.999995
1.999995
1.999996
1.999995
1.999995
1.999995
1.999994
1.999995
1.999995
1.999995
1.999995
1.999995
1.999994
1.999993
1.999994
1.999994
1.999994
1.999994
1.999995
1.999995
1.999996
1.999996
1.999996
1.999996
1.999996
1.999997
1.999997
1.999997
1.999997
1.999997
1.999997
1.999997
1.999997
1.999997
1.999997
1.999997
1.999997
1.999997
1.999997
1.999997
1.999996
1.999996
1.999996
1.999996
1.999997
1.999997
1.999997
1.999997
1.999998
1.999997
1.999998
1.999997
1.999997
1.999996
1.999996
1.999996
1.999996
1.999995
1.999995
1.999995
1.999995
1.999994
1.999993
1.999994
1.999993
1.999994
1.999994
1.999995
1.999994
1.999994
1.999995
1.999994
1.999995
1.999994
1.999995
1.999994
1.999993
1.999992
1.999993
1.999994
1.999993
1.999992
1.999991
1.999992
1.999993
1.999993
1.999994
1.999994
1.999995
1.999994
1.999995
1.999995
1.999996
1.999995
1.999994
1.999994
1.999994
1.999995
1.999995
1.999995
1.999994
1.999993
1.999992
1.999991
1.999992
1.999991
1.999992
1.999992
1.999993
1.999992
1.999991
1.999990
1.999988
1.999987
1.999985
1.999983
1.999981
1.999983
1.999984
1.999982
1.999980
1.999981
1.999983
1.999984
1.999982
1.999983
1.999985
1.999983
1.999981
1.999982
1.999980
1.999978
1.999980
1.999977
1.999975
1.999977
1.999979
1.999976
1.999978
1.999976
1.999978
1.999980
1.999981
1.999979
1.999981
1.999978
1.999976
1.999973
1.999969
1.999965
1.999968
1.999971
1.999968
1.999971
1.999967
1.999970
1.999973
1.999975
1.999977
1.999979
1.999981
1.999978
1.999976
1.999977
1.999975
1.999977
1.999974
1.999970
1.999973
1.999970
1.999972
1.999975
1.999978
1.999975
1.999977
1.999979
1.999976
1.999973
1.999975
1.999972
1.999968
1.999971
1.999967
1.999963
1.999958
1.999953
1.999947
1.999939
1.999932
1.999937
1.999929
1.999936
1.999940
1.999945
1.999938
1.999944
1.999937
1.999929
1.999935
1.999927
1.999934
1.999938
1.999929
1.999920
1.999926
1.999916
1.999905
1.999912
1.999900
1.999887
1.999872
1.999854
1.999835
1.999851
1.999832
1.999847
1.999826
1.999803
1.999777
1.999747
1.999776
1.999748
1.999720
1.999683
1.999714
1.999743
1.999712
1.999741
1.999766
1.999734
1.999752
1.999774
1.999743
1.999707
1.999735
1.999761
1.999730
1.999757
1.999723
1.999686
1.999642
1.999676
1.999696
1.999725
1.999687
1.999647
1.999598
1.999625
1.999574
1.999615
1.999656
1.999612
1.999557
1.999595
1.999540
1.999586
1.999630
1.999583
1.999622
1.999566
