21.875000
3.125000
7.500000
0.625000
0.000000
0.000000
0.625000
1.250000
21.875000
26.875000
40.000000
44.375000
45.625000
50.000000
50.000000
50.000000
50.000000
50.000000
50.000000
50.000000
50.000000
50.000000
50.625000
51.875000
56.875000
63.750000
76.250000
80.625000
85.000000
88.125000
88.750000
88.750000
88.750000
88.750000
88.750000
90.000000
91.250000
91.875000
93.125000
93.125000
96.250000
97.500000
98.125000
98.750000
98.750000
98.125000
96.250000
95.625000
96.250000
95.625000
96.250000
96.250000
96.250000
96.250000
96.250000
98.125000
98.750000
98.750000
100.000000
100.000000
100.000000
100.000000
100.000000
100.000000
100.000000
100.000000
99.375000
98.750000
98.750000
98.750000
98.750000
98.750000
98.750000
98.750000
98.125000
98.125000
96.875000
96.875000
95.625000
94.375000
94.375000
93.750000
92.500000
90.625000
89.375000
88.125000
86.875000
86.250000
86.250000
85.625000
85.000000
85.000000
85.000000
85.000000
85.000000
85.000000
85.000000
85.000000
85.000000
85.000000
85.000000
85.000000
85.000000
85.000000
85.000000
85.000000
85.000000
85.000000
84.375000
83.750000
83.750000
83.750000
83.750000
83.125000
83.125000
83.750000
83.750000
83.750000
83.750000
83.750000
83.750000
84.375000
84.375000
84.375000
84.375000
84.375000
84.375000
84.375000
84.375000
85.000000
85.000000
85.000000
85.000000
85.000000
85.000000
85.625000
85.625000
85.625000
86.250000
86.250000
86.250000
87.500000
88.125000
88.125000
88.125000
88.125000
88.125000
88.750000
89.375000
89.375000
89.375000
90.000000
90.000000
90.625000
90.625000
91.250000
91.875000
92.500000
92.500000
92.500000
93.125000
94.375000
95.000000
96.250000
96.250000
96.875000
96.875000
97.500000
98.125000
98.125000
98.125000
98.125000
98.125000
98.750000
99.375000
99.375000
99.375000
99.375000
99.375000
99.375000
99.375000
99.375000
99.375000
99.375000
99.375000
99.375000
99.375000
99.375000
99.375000
99.375000
100.000000
100.000000
100.000000
100.000000
100.000000
100.000000
100.000000
100.000000
100.000000
100.000000
100.000000
100.000000
100.000000
100.000000
100.000000
100.000000
100.000000
100.000000
100.000000
100.000000
100.000000
100.000000
100.000000
100.000000
100.000000
100.000000
100.000000
100.000000
100.000000
100.000000
100.000000
100.000000
100.000000
100.000000
100.000000
100.000000
100.000000
100.000000
100.000000
100.000000
100.000000
100.000000
100.000000
100.000000
100.000000
100.000000
100.000000
100.000000
100.000000
100.000000
100.000000
100.000000
100.000000
100.000000
100.000000
100.000000
100.000000
100.000000
100.000000
100.000000
100.000000
100.000000
100.000000
100.000000
100.000000
100.000000
100.000000
100.000000
100.000000
100.000000
100.000000
100.000000
100.000000
100.000000
100.000000
100.000000
100.000000
100.000000
100.000000
100.000000
100.000000
100.000000
100.000000
100.000000
100.000000
100.000000
100.000000
100.000000
100.000000
100.000000
100.000000
100.000000
100.000000
100.000000
100.000000
100.000000
100.000000
100.000000
100.000000
100.000000
100.000000
100.000000
100.000000
100.000000
100.000000
100.000000
100.000000
100.000000
100.000000
100.000000
100.000000
