1.043323
1.026480
1.020215
1.011263
0.993303
0.979869
0.967787
0.956095
0.937280
0.919383
0.902157
0.886665
0.870489
0.854455
0.840147
0.825266
0.814337
0.800383
0.783130
0.769310
0.755418
0.736254
0.717212
0.701662
0.683655
0.668517
0.652461
0.639090
0.625128
0.611356
0.599192
0.585745
0.572317
0.558931
0.545781
0.534351
0.523083
0.512857
0.503782
0.495117
0.487434
0.477942
0.469439
0.462108
0.453334
0.446348
0.440831
0.435212
0.429119
0.424818
0.418330
0.413343
0.406758
0.401636
0.391742
0.379100
0.368066
0.359604
0.351971
0.344623
0.338421
0.332792
0.327187
0.321703
0.316733
0.312744
0.307823
0.303825
0.298452
0.292730
0.287886
0.283879
0.278738
0.274534
0.271288
0.266700
0.263479
0.261326
0.260744
0.258365
0.254034
0.251367
0.250110
0.250382
0.252042
0.255443
0.260286
0.261666
0.265718
0.271956
0.280517
0.290809
0.296296
0.298114
0.301374
0.300478
0.296014
0.288936
0.284797
0.283435
0.284447
0.281653
0.281767
0.285218
0.284660
0.286080
0.290591
0.298181
0.307903
0.319143
0.323990
0.331000
0.331899
0.335575
0.336275
0.331145
0.330115
0.325790
0.326134
0.323744
0.317462
0.313639
0.312920
0.309563
0.308986
0.310716
0.309834
0.312007
0.308981
0.302923
0.293211
0.288302
0.280245
0.269247
0.262291
0.259523
0.253336
0.244831
0.234529
0.222687
0.214690
0.205527
0.199130
0.194551
0.188316
0.184183
0.181950
0.177885
0.172491
0.169581
0.168762
0.166159
0.164641
0.161708
0.157715
0.152551
0.146429
0.142173
0.139437
0.135643
0.131027
0.128178
0.124445
0.121895
0.120212
0.117665
0.114567
0.110918
0.106914
0.104230
0.102552
0.101651
0.100076
0.097908
0.095299
0.093406
0.092181
0.090469
0.088443
0.086202
0.084662
0.083711
0.083052
0.082713
0.081965
0.080865
0.079574
0.078146
0.077173
0.076416
0.075487
0.074412
0.073612
0.072796
0.072241
0.071881
0.071300
0.070628
0.069976
0.069447
0.068937
0.068528
0.068068
0.067688
0.067185
0.066814
0.066426
0.066080
0.065571
0.065032
0.064482
0.063999
0.063572
0.063243
0.062917
0.062785
0.062735
0.062573
0.062212
0.062081
0.061728
0.061591
0.061709
0.062082
0.062168
0.062621
0.062817
0.063401
0.063531
0.063248
0.063272
0.063551
0.063349
0.063421
0.063875
0.063803
0.064336
0.065385
0.066993
0.069104
0.070472
0.072344
0.073551
0.073870
0.073324
0.073647
0.073144
0.073533
0.073308
0.072399
0.071062
0.070645
0.071124
0.072396
0.072739
0.072209
0.072596
0.073497
0.073430
0.074225
0.074112
0.074808
0.076524
0.078778
0.079892
0.082137
0.085331
0.089252
0.094239
0.097816
0.102704
0.105916
0.107353
0.107051
0.105223
0.102511
0.101587
0.099388
0.096119
0.092079
0.089825
0.089096
0.087213
0.084600
0.083219
0.083272
0.082183
0.080184
0.077394
0.075873
0.073445
0.070278
0.066745
0.064307
0.062800
0.062269
0.061124
0.059430
0.057492
0.056259
0.054623
