1.043323
1.028870
1.014532
1.000316
0.986229
0.972280
0.958475
0.944821
0.931324
0.917991
0.904828
0.891840
0.879032
0.866410
0.853977
0.841738
0.829697
0.817856
0.806219
0.794788
0.783565
0.772553
0.761751
0.751163
0.740787
0.730625
0.720676
0.710940
0.701416
0.692103
0.683000
0.674106
0.665417
0.656933
0.648651
0.640568
0.632682
0.624990
0.617488
0.610174
0.603044
0.596094
0.589321
0.582722
0.576292
0.570027
0.563925
0.557981
0.552190
0.546550
0.541056
0.535705
0.530492
0.525413
0.520465
0.515645
0.510947
0.506369
0.501907
0.497557
0.493316
0.489181
0.485148
0.481213
0.477374
0.473628
0.469970
0.466400
0.462913
0.459506
0.456178
0.452925
0.449745
0.446636
0.443594
0.440618
0.437705
0.434854
0.432062
0.429327
0.426647
0.424021
0.421446
0.418921
0.416444
0.414013
0.411628
0.409286
0.406985
0.404726
0.402506
0.400323
0.398178
0.396068
0.393992
0.391950
0.389940
0.387961
0.386012
0.384093
0.382203
0.380340
0.378504
0.376693
0.374908
0.373148
0.371411
0.369697
0.368006
0.366337
0.364688
0.363061
0.361453
0.359866
0.358297
0.356746
0.355214
0.353699
0.352202
0.350721
0.349256
0.347808
0.346375
0.344957
0.343554
0.342165
0.340790
0.339430
0.338083
0.336749
0.335428
0.334119
0.332823
0.331540
0.330268
0.329007
0.327759
0.326521
0.325294
0.324078
0.322873
0.321678
0.320493
0.319318
0.318153
0.316997
0.315851
0.314715
0.313587
0.312468
0.311359
0.310257
0.309165
0.308081
0.307005
0.305937
0.304877
0.303825
0.302781
0.301744
0.300715
0.299694
0.298679
0.297672
0.296672
0.295679
0.294693
0.293714
0.292741
0.291775
0.290816
0.289863
0.288916
0.287976
0.287041
0.286113
0.285191
0.284275
0.283365
0.282461
0.281562
0.280669
0.279782
0.278900
0.278024
0.277153
0.276287
0.275427
0.274572
0.273722
0.272877
0.272037
0.271203
0.270373
0.269548
0.268728
0.267912
0.267102
0.266296
0.265495
0.264698
0.263906
0.263118
0.262335
0.261556
0.260782
0.260011
0.259245
0.258484
0.257726
0.256973
0.256224
0.255479
0.254737
0.254000
0.253267
0.252538
0.251812
0.251091
0.250373
0.249659
0.248948
0.248242
0.247539
0.246840
0.246144
0.245452
0.244763
0.244078
0.243396
0.242718
0.242043
0.241372
0.240704
0.240039
0.239378
0.238720
0.238065
0.237413
0.236765
0.236120
0.235477
0.234838
0.234202
0.233569
0.232939
0.232313
0.231689
0.231068
0.230450
0.229835
0.229223
0.228613
0.228007
0.227403
0.226802
0.226204
0.225609
0.225016
0.224426
0.223839
0.223255
0.222673
0.222094
0.221517
0.220943
0.220372
0.219803
0.219237
0.218673
0.218112
0.217553
0.216997
0.216443
0.215891
0.215342
0.214796
0.214251
0.213709
0.213170
0.212633
0.212098
0.211565
0.211035
0.210507
0.209981
0.209457
0.208936
0.208417
0.207900
0.207385
0.206872
0.206362
0.205853
0.205347
0.204843
0.204341
0.203841
0.203343
0.202847
0.202353
