21.875000
23.125000
24.375000
25.000000
25.000000
26.875000
27.500000
28.750000
28.750000
28.750000
28.750000
29.375000
29.375000
30.000000
30.000000
31.875000
41.875000
46.875000
55.625000
61.250000
65.000000
67.500000
68.750000
68.750000
68.750000
70.625000
71.250000
73.125000
73.125000
74.375000
76.250000
76.875000
77.500000
78.125000
78.750000
79.375000
80.625000
82.500000
83.125000
83.750000
85.000000
85.000000
86.250000
86.250000
87.500000
88.125000
90.000000
90.000000
90.000000
90.625000
91.875000
91.875000
91.875000
91.875000
91.875000
93.125000
93.125000
93.125000
93.125000
93.125000
93.125000
93.125000
93.125000
93.125000
93.125000
93.750000
93.125000
93.750000
93.750000
93.750000
93.750000
93.750000
93.750000
93.750000
93.750000
93.750000
94.375000
94.375000
94.375000
94.375000
94.375000
94.375000
94.375000
94.375000
94.375000
95.000000
95.000000
95.000000
95.000000
95.000000
95.000000
95.000000
95.000000
95.000000
95.000000
95.000000
95.000000
95.000000
95.000000
95.000000
95.625000
95.625000
95.625000
95.625000
95.625000
95.625000
96.250000
96.250000
96.250000
96.250000
96.250000
96.250000
96.250000
96.250000
96.250000
96.250000
96.875000
96.875000
96.875000
96.875000
96.875000
96.875000
96.875000
96.875000
96.875000
96.875000
96.875000
97.500000
97.500000
97.500000
97.500000
97.500000
97.500000
97.500000
97.500000
97.500000
97.500000
97.500000
97.500000
97.500000
97.500000
97.500000
98.125000
98.125000
98.125000
98.125000
98.125000
98.125000
98.125000
98.125000
98.125000
98.125000
98.125000
98.125000
98.125000
98.125000
98.125000
98.125000
98.125000
98.125000
98.125000
98.125000
98.125000
98.125000
98.125000
98.125000
98.125000
98.125000
98.750000
98.750000
98.750000
98.750000
98.750000
98.750000
98.750000
98.750000
98.750000
98.750000
98.750000
98.750000
98.750000
98.750000
99.375000
99.375000
99.375000
99.375000
99.375000
99.375000
99.375000
99.375000
99.375000
99.375000
99.375000
99.375000
99.375000
99.375000
99.375000
99.375000
99.375000
99.375000
99.375000
99.375000
99.375000
99.375000
99.375000
99.375000
99.375000
99.375000
99.375000
99.375000
99.375000
99.375000
99.375000
99.375000
99.375000
99.375000
99.375000
99.375000
99.375000
99.375000
99.375000
99.375000
99.375000
99.375000
99.375000
99.375000
99.375000
99.375000
99.375000
99.375000
99.375000
99.375000
99.375000
99.375000
99.375000
99.375000
99.375000
99.375000
99.375000
99.375000
99.375000
99.375000
99.375000
99.375000
99.375000
99.375000
99.375000
99.375000
99.375000
99.375000
99.375000
99.375000
99.375000
99.375000
99.375000
99.375000
99.375000
99.375000
99.375000
99.375000
99.375000
99.375000
99.375000
99.375000
99.375000
99.375000
99.375000
99.375000
99.375000
99.375000
99.375000
99.375000
99.375000
99.375000
99.375000
99.375000
99.375000
99.375000
99.375000
99.375000
99.375000
99.375000
99.375000
99.375000
99.375000
99.375000
99.375000
99.375000
99.375000
99.375000
99.375000
99.375000
99.375000
99.375000
99.375000
99.375000
99.375000
99.375000
99.375000
99.375000
99.375000
