21.875000
3.750000
26.875000
4.375000
0.625000
0.000000
26.875000
0.000000
28.750000
1.250000
33.750000
1.250000
28.125000
25.000000
50.000000
36.250000
50.000000
37.500000
39.375000
41.875000
51.250000
49.375000
50.000000
50.000000
50.000000
49.375000
50.000000
50.000000
50.000000
50.000000
50.000000
55.000000
76.250000
61.250000
50.000000
53.750000
50.000000
50.000000
50.625000
50.000000
50.000000
50.000000
50.000000
50.000000
50.000000
50.000000
50.000000
50.000000
50.000000
50.000000
50.000000
50.000000
50.000000
50.000000
55.000000
84.375000
95.625000
83.125000
94.375000
99.375000
95.625000
83.125000
61.250000
51.875000
50.000000
50.000000
53.750000
50.000000
60.000000
72.500000
58.125000
51.875000
65.625000
56.875000
52.500000
64.375000
53.750000
52.500000
50.000000
53.125000
68.125000
56.250000
52.500000
50.000000
50.000000
50.000000
50.000000
51.250000
50.000000
50.000000
50.000000
50.000000
50.000000
50.000000
50.000000
50.000000
51.250000
52.500000
51.250000
50.000000
50.000000
50.000000
50.000000
50.000000
50.000000
50.000000
50.000000
50.000000
50.000000
50.000000
50.000000
50.000000
50.000000
50.000000
50.000000
50.000000
50.000000
50.000000
50.000000
50.000000
50.000000
50.000000
50.000000
50.000000
50.000000
50.000000
50.000000
50.000000
50.625000
50.625000
53.125000
50.625000
51.875000
58.750000
54.375000
50.625000
56.250000
64.375000
72.500000
80.625000
76.875000
81.250000
78.750000
76.875000
81.250000
79.375000
75.000000
81.250000
84.375000
81.250000
77.500000
81.250000
80.625000
83.125000
84.375000
86.250000
86.875000
86.250000
85.000000
86.250000
88.125000
86.250000
88.750000
86.250000
86.250000
88.125000
90.000000
93.125000
96.875000
93.125000
90.625000
89.375000
90.625000
93.750000
96.875000
95.625000
92.500000
96.875000
97.500000
99.375000
98.125000
96.875000
93.750000
91.875000
95.000000
96.875000
98.125000
99.375000
98.125000
97.500000
98.750000
99.375000
98.750000
99.375000
98.750000
96.875000
98.750000
99.375000
100.000000
99.375000
98.750000
97.500000
99.375000
97.500000
99.375000
97.500000
99.375000
98.125000
99.375000
99.375000
100.000000
100.000000
100.000000
100.000000
100.000000
100.000000
100.000000
100.000000
100.000000
100.000000
100.000000
100.000000
100.000000
100.000000
100.000000
100.000000
100.000000
100.000000
100.000000
100.000000
100.000000
100.000000
100.000000
100.000000
100.000000
100.000000
100.000000
100.000000
100.000000
100.000000
100.000000
100.000000
100.000000
100.000000
100.000000
100.000000
100.000000
100.000000
100.000000
100.000000
100.000000
100.000000
100.000000
100.000000
100.000000
100.000000
100.000000
100.000000
100.000000
100.000000
100.000000
100.000000
99.375000
99.375000
100.000000
99.375000
98.750000
96.250000
90.625000
95.000000
88.750000
93.125000
98.750000
99.375000
99.375000
100.000000
99.375000
100.000000
100.000000
100.000000
100.000000
99.375000
100.000000
100.000000
100.000000
99.375000
100.000000
100.000000
100.000000
100.000000
100.000000
100.000000
100.000000
100.000000
100.000000
100.000000
100.000000
100.000000
100.000000
100.000000
100.000000
