1.043323
1.027737
1.036325
1.017025
0.993695
0.993139
0.998872
0.983049
0.949787
0.945453
0.928163
0.923619
0.924618
0.888946
0.881871
0.855607
0.859182
0.838637
0.836850
0.816884
0.814848
0.830316
0.846243
0.805075
0.836615
0.798685
0.822985
0.795959
0.827983
0.888792
0.822497
0.740012
0.694595
0.711978
0.741932
0.717143
0.748008
0.768547
0.731897
0.774687
0.819531
0.721352
0.757343
0.795305
0.714784
0.785447
0.828026
0.780463
0.736497
0.799016
0.719639
0.763611
0.701493
0.739176
0.633030
0.556400
0.536850
0.558530
0.537511
0.510442
0.520423
0.537852
0.580398
0.635067
0.692814
0.734752
0.628371
0.685708
0.576559
0.527432
0.572801
0.644694
0.548187
0.586340
0.653465
0.546549
0.628017
0.676479
0.765335
0.648292
0.538618
0.606165
0.673182
0.749285
0.810854
0.886566
0.944152
0.795806
0.902301
0.990968
1.080407
1.142655
1.010442
0.923938
0.969743
0.866593
0.773431
0.694967
0.757710
0.833893
0.908865
0.806111
0.891496
0.998477
0.895810
0.954427
1.053993
1.152975
1.222027
1.271101
1.134683
1.197271
1.061377
1.133392
1.075776
0.924416
1.016832
0.936697
1.050973
0.987840
0.886273
0.932534
1.011632
0.946746
1.014467
1.078295
1.019627
1.104237
0.958125
0.875505
0.744435
0.850891
0.749358
0.625920
0.703866
0.816249
0.683550
0.585158
0.503033
0.407261
0.466284
0.403123
0.444068
0.473874
0.405056
0.444828
0.496541
0.424302
0.350113
0.409117
0.479557
0.395050
0.421605
0.376338
0.338328
0.282158
0.241022
0.268098
0.297280
0.255808
0.217309
0.249364
0.215267
0.236291
0.253842
0.216130
0.189189
0.169454
0.153446
0.167444
0.185366
0.206626
0.181762
0.162990
0.143431
0.151707
0.165594
0.145425
0.132513
0.123245
0.128968
0.140173
0.149265
0.162469
0.145522
0.130569
0.120607
0.114006
0.118522
0.124022
0.115353
0.108770
0.112598
0.108295
0.112344
0.120756
0.110886
0.104146
0.101155
0.102669
0.106515
0.114839
0.104741
0.112504
0.104013
0.113468
0.103210
0.108892
0.099977
0.093993
0.090608
0.090262
0.089107
0.089257
0.087723
0.089402
0.090548
0.085780
0.084474
0.084708
0.083328
0.083093
0.086191
0.091033
0.085061
0.092710
0.088052
0.097429
0.088295
0.081597
0.084234
0.088142
0.080295
0.083284
0.089487
0.080941
0.091696
0.104178
0.120587
0.137522
0.114074
0.128533
0.115978
0.100410
0.086639
0.100079
0.087004
0.100969
0.092315
0.083440
0.078052
0.088458
0.105554
0.126798
0.108242
0.093572
0.111293
0.123185
0.103488
0.121301
0.103344
0.119715
0.150124
0.168333
0.139884
0.175104
0.210228
0.239158
0.285846
0.244610
0.297761
0.247038
0.203632
0.166642
0.136824
0.120866
0.147152
0.124169
0.105152
0.089907
0.107484
0.131084
0.107899
0.095198
0.109097
0.136062
0.112089
0.094923
0.080640
0.092930
0.075974
0.064293
0.058186
0.061477
0.066708
0.078421
0.068372
0.061159
0.057191
0.061056
0.055851
