50.000000
50.000000
50.000000
50.000000
50.000000
50.000000
50.000000
50.000000
50.000000
50.000000
50.000000
50.000000
50.000000
50.000000
50.000000
50.000000
50.000000
50.000000
50.000000
50.000000
50.000000
50.000000
50.000000
50.000000
50.000000
50.000000
50.000000
50.000000
50.000000
50.625000
53.750000
66.250000
73.125000
78.750000
80.625000
81.875000
83.125000
86.875000
88.125000
90.625000
90.625000
90.625000
90.000000
89.375000
86.250000
86.875000
86.875000
85.000000
80.625000
79.375000
79.375000
81.875000
88.750000
93.750000
94.375000
95.000000
95.000000
93.750000
92.500000
91.875000
91.875000
91.875000
91.875000
90.625000
90.625000
90.625000
90.625000
90.625000
90.625000
90.625000
90.000000
90.000000
89.375000
89.375000
90.000000
90.000000
90.000000
90.000000
90.000000
90.000000
89.375000
89.375000
89.375000
88.750000
88.750000
88.125000
88.125000
87.500000
88.125000
88.750000
89.375000
90.000000
90.000000
90.000000
90.000000
90.000000
90.625000
90.625000
90.625000
90.625000
91.250000
91.875000
91.875000
91.875000
91.875000
91.875000
93.125000
95.000000
95.000000
96.250000
96.250000
96.250000
96.250000
96.250000
97.500000
97.500000
99.375000
99.375000
99.375000
99.375000
100.000000
100.000000
100.000000
100.000000
100.000000
100.000000
100.000000
100.000000
100.000000
100.000000
100.000000
100.000000
100.000000
100.000000
100.000000
100.000000
100.000000
100.000000
99.375000
99.375000
99.375000
99.375000
98.750000
98.750000
98.750000
98.125000
98.750000
99.375000
99.375000
99.375000
99.375000
99.375000
99.375000
99.375000
99.375000
99.375000
99.375000
100.000000
100.000000
100.000000
100.000000
100.000000
100.000000
100.000000
100.000000
100.000000
100.000000
100.000000
100.000000
100.000000
100.000000
100.000000
100.000000
100.000000
100.000000
100.000000
100.000000
100.000000
100.000000
100.000000
100.000000
100.000000
100.000000
100.000000
100.000000
100.000000
100.000000
100.000000
100.000000
100.000000
100.000000
100.000000
100.000000
100.000000
100.000000
100.000000
100.000000
100.000000
100.000000
100.000000
100.000000
100.000000
100.000000
100.000000
99.375000
99.375000
99.375000
99.375000
99.375000
99.375000
99.375000
99.375000
99.375000
99.375000
99.375000
99.375000
99.375000
99.375000
99.375000
99.375000
99.375000
99.375000
99.375000
99.375000
99.375000
99.375000
99.375000
99.375000
99.375000
99.375000
99.375000
99.375000
99.375000
99.375000
99.375000
99.375000
99.375000
99.375000
99.375000
99.375000
99.375000
99.375000
99.375000
99.375000
99.375000
99.375000
99.375000
99.375000
99.375000
99.375000
100.000000
100.000000
100.000000
100.000000
100.000000
100.000000
100.000000
100.000000
100.000000
100.000000
100.000000
100.000000
100.000000
100.000000
100.000000
100.000000
100.000000
100.000000
100.000000
100.000000
100.000000
100.000000
100.000000
100.000000
100.000000
100.000000
100.000000
100.000000
100.000000
100.000000
100.000000
100.000000
100.000000
100.000000
100.000000
100.000000
100.000000
100.000000
100.000000
100.000000
100.000000
100.000000
100.000000
100.000000
100.000000
100.000000
100.000000
100.000000
100.000000
100.000000
100.000000
