1.669488
1.623790
1.575384
1.520939
1.465178
1.421125
1.389778
1.351718
1.324419
1.303402
1.272475
1.253743
1.240700
1.220161
1.207150
1.181700
1.150121
1.129071
1.113363
1.086338
1.055135
1.019227
0.975492
0.929670
0.892956
0.863745
0.840263
0.813323
0.792339
0.762170
0.738026
0.706982
0.673756
0.649057
0.629577
0.609472
0.591155
0.572482
0.557685
0.543464
0.531335
0.520312
0.511833
0.504430
0.500185
0.494702
0.486453
0.480402
0.476586
0.472064
0.466760
0.459002
0.448348
0.436425
0.427400
0.415995
0.404147
0.394906
0.386504
0.378440
0.371895
0.365596
0.359660
0.354990
0.350810
0.346440
0.342840
0.338138
0.334139
0.331300
0.329675
0.329609
0.328055
0.324249
0.318001
0.310241
0.305149
0.302092
0.300094
0.299296
0.295851
0.294592
0.291475
0.289596
0.289252
0.290474
0.289995
0.288054
0.283939
0.278384
0.271401
0.263236
0.257781
0.254357
0.252681
0.249974
0.245516
0.240012
0.235997
0.232989
0.229245
0.226579
0.223069
0.218968
0.215835
0.213380
0.210390
0.207015
0.204428
0.201430
0.198250
0.195617
0.193397
0.191009
0.188520
0.186052
0.183802
0.181635
0.179453
0.177508
0.175976
0.174211
0.172125
0.170741
0.170114
0.168975
0.167430
0.166592
0.166545
0.167512
0.169286
0.172500
0.175001
0.175876
0.177899
0.180803
0.181668
0.184458
0.189124
0.195918
0.200334
0.202179
0.201548
0.203273
0.202295
0.202818
0.200497
0.195828
0.189813
0.186800
0.186109
0.183825
0.183268
0.181695
0.179231
0.174900
0.169068
0.165764
0.163942
0.160703
0.158722
0.156047
0.152178
0.150165
0.149109
0.146811
0.145600
0.145223
0.143597
0.142804
0.141126
0.140481
0.141081
0.140298
0.141116
0.140533
0.138570
0.135681
0.131937
0.127502
0.124813
0.123371
0.121177
0.119917
0.117751
0.116859
0.116770
0.117332
0.118737
0.119447
0.121232
0.121680
0.121068
0.119496
0.119308
0.120144
0.121630
0.121835
0.120855
0.121070
0.122126
0.124385
0.127865
0.130296
0.133980
0.138825
0.141648
0.142455
0.141708
0.142038
0.143753
0.143566
0.141852
0.138584
0.134023
0.131532
0.130814
0.131225
0.129821
0.130040
0.131779
0.134500
0.137997
0.139604
0.139715
0.141386
0.141237
0.139352
0.135997
0.131852
0.126768
0.123485
0.121535
0.120719
0.121055
0.119956
0.117691
0.116766
0.116914
0.115596
0.115418
0.116146
0.115236
0.115813
0.115025
0.113213
0.110245
0.106491
0.102245
0.099757
0.096516
0.094544
0.091748
0.088390
0.084759
0.080867
0.078442
0.075802
0.072816
0.069727
0.067733
0.066656
0.066319
0.065447
0.064152
0.063514
0.063386
0.063825
0.063766
0.063180
0.062189
0.061694
0.060720
0.059397
0.058647
0.058241
0.057463
0.056352
0.055608
0.054656
0.054161
0.053338
0.052246
0.050951
0.050101
0.049538
0.048737
0.048263
0.047635
0.047323
0.046848
0.046229
0.045481
0.044706
0.044226
0.043715
0.043397
0.043052
0.042833
0.042591
0.042431
