50.000000
50.000000
50.000000
50.000000
50.000000
50.000000
50.000000
50.000000
50.000000
50.000000
50.000000
50.000000
50.000000
50.000000
50.000000
50.000000
50.000000
50.000000
50.000000
50.000000
50.000000
50.000000
50.000000
50.000000
50.000000
50.000000
50.000000
50.000000
50.000000
50.000000
50.000000
50.000000
50.000000
50.000000
50.000000
50.000000
50.000000
50.000000
50.000000
50.000000
50.000000
50.000000
50.000000
50.000000
50.000000
50.000000
50.000000
50.000000
50.000000
50.000000
50.000000
50.000000
50.000000
50.000000
50.000000
50.000000
50.000000
50.000000
50.000000
50.000000
50.000000
50.000000
50.000000
50.000000
50.000000
50.000000
50.000000
50.000000
50.000000
50.000000
50.000000
50.000000
50.000000
50.000000
50.000000
50.000000
50.000000
50.000000
50.000000
50.000000
50.000000
50.000000
50.000000
50.000000
50.000000
50.000000
50.000000
50.000000
50.625000
50.625000
50.625000
51.250000
51.250000
52.500000
54.375000
54.375000
56.250000
58.125000
60.000000
61.875000
64.375000
66.875000
68.750000
71.250000
71.875000
72.500000
73.125000
75.625000
75.625000
75.625000
75.625000
75.625000
75.625000
75.625000
76.875000
77.500000
78.750000
80.000000
80.625000
81.250000
81.875000
83.750000
85.000000
85.000000
85.000000
85.625000
85.625000
85.625000
85.625000
86.250000
87.500000
88.125000
88.125000
88.750000
88.750000
88.750000
89.375000
90.625000
90.625000
90.625000
90.625000
91.250000
91.250000
91.875000
91.875000
92.500000
92.500000
92.500000
92.500000
93.125000
93.750000
93.750000
94.375000
94.375000
94.375000
95.000000
95.000000
96.250000
96.250000
96.250000
96.250000
96.250000
96.250000
96.250000
96.250000
96.250000
96.250000
96.250000
96.875000
96.875000
96.875000
96.875000
96.875000
97.500000
97.500000
97.500000
97.500000
97.500000
97.500000
97.500000
98.125000
98.125000
98.750000
99.375000
99.375000
99.375000
99.375000
99.375000
99.375000
99.375000
99.375000
99.375000
99.375000
99.375000
99.375000
99.375000
99.375000
99.375000
99.375000
99.375000
99.375000
99.375000
99.375000
99.375000
99.375000
99.375000
99.375000
99.375000
99.375000
99.375000
99.375000
100.000000
100.000000
100.000000
100.000000
100.000000
100.000000
100.000000
100.000000
100.000000
100.000000
100.000000
100.000000
100.000000
100.000000
100.000000
100.000000
100.000000
100.000000
100.000000
100.000000
100.000000
100.000000
100.000000
100.000000
100.000000
100.000000
100.000000
100.000000
100.000000
100.000000
100.000000
100.000000
100.000000
100.000000
100.000000
100.000000
100.000000
100.000000
100.000000
100.000000
100.000000
100.000000
100.000000
100.000000
100.000000
100.000000
100.000000
100.000000
100.000000
100.000000
100.000000
100.000000
100.000000
100.000000
100.000000
100.000000
100.000000
100.000000
100.000000
100.000000
100.000000
100.000000
100.000000
100.000000
100.000000
100.000000
100.000000
100.000000
100.000000
100.000000
100.000000
100.000000
100.000000
100.000000
100.000000
100.000000
100.000000
100.000000
100.000000
100.000000
100.000000
100.000000
100.000000
100.000000
100.000000
100.000000
100.000000
100.000000
100.000000
100.000000
