1.669488
1.663859
1.658135
1.652317
1.646402
1.640389
1.634277
1.628063
1.621746
1.615325
1.608798
1.602163
1.595419
1.588563
1.581596
1.574515
1.567318
1.560004
1.552571
1.545019
1.537345
1.529548
1.521627
1.513581
1.505407
1.497105
1.488674
1.480112
1.471419
1.462593
1.453633
1.444539
1.435309
1.425943
1.416441
1.406801
1.397024
1.387108
1.377055
1.366863
1.356532
1.346064
1.335458
1.324715
1.313835
1.302819
1.291668
1.280383
1.268965
1.257417
1.245738
1.233932
1.222001
1.209946
1.197770
1.185476
1.173066
1.160544
1.147913
1.135177
1.122338
1.109402
1.096372
1.083253
1.070049
1.056765
1.043407
1.029979
1.016487
1.002936
0.989333
0.975683
0.961993
0.948269
0.934517
0.920744
0.906957
0.893162
0.879367
0.865579
0.851804
0.838050
0.824325
0.810635
0.796988
0.783390
0.769850
0.756374
0.742969
0.729642
0.716401
0.703252
0.690202
0.677257
0.664423
0.651708
0.639116
0.626654
0.614327
0.602141
0.590101
0.578211
0.566477
0.554901
0.543490
0.532246
0.521173
0.510274
0.499553
0.489011
0.478651
0.468476
0.458486
0.448685
0.439072
0.429648
0.420415
0.411373
0.402522
0.393861
0.385391
0.377111
0.369019
0.361116
0.353399
0.345867
0.338519
0.331353
0.324366
0.317556
0.310922
0.304460
0.298169
0.292045
0.286085
0.280287
0.274647
0.269163
0.263831
0.258649
0.253612
0.248718
0.243964
0.239345
0.234859
0.230503
0.226272
0.222164
0.218175
0.214302
0.210542
0.206891
0.203347
0.199906
0.196565
0.193320
0.190170
0.187110
0.184139
0.181253
0.178449
0.175725
0.173078
0.170505
0.168005
0.165574
0.163210
0.160910
0.158674
0.156498
0.154380
0.152318
0.150311
0.148356
0.146451
0.144595
0.142786
0.141023
0.139303
0.137625
0.135988
0.134391
0.132831
0.131307
0.129819
0.128365
0.126944
0.125555
0.124196
0.122866
0.121566
0.120292
0.119046
0.117825
0.116629
0.115458
0.114309
0.113184
0.112080
0.110997
0.109935
0.108892
0.107869
0.106865
0.105878
0.104909
0.103958
0.103022
0.102103
0.101200
0.100311
0.099438
0.098578
0.097733
0.096901
0.096083
0.095277
0.094484
0.093704
0.092935
0.092178
0.091432
0.090697
0.089973
0.089260
0.088557
0.087864
0.087181
0.086507
0.085843
0.085188
0.084543
0.083906
0.083278
0.082658
0.082046
0.081443
0.080848
0.080260
0.079681
0.079109
0.078544
0.077986
0.077436
0.076892
0.076356
0.075826
0.075303
0.074786
0.074276
0.073772
0.073274
0.072782
0.072297
0.071817
0.071343
0.070874
0.070412
0.069954
0.069503
0.069056
0.068615
0.068179
0.067748
0.067322
0.066901
0.066485
0.066074
0.065668
0.065266
0.064869
0.064476
0.064088
0.063704
0.063324
0.062949
0.062578
0.062211
0.061849
0.061490
0.061135
0.060785
0.060438
0.060095
0.059755
0.059420
0.059088
0.058760
0.058435
0.058114
0.057797
0.057483
0.057172
0.056864
0.056560
0.056259
0.055962
0.055667
0.055376
0.055088
0.054803
