1.669488
1.622608
1.565504
1.504102
1.461162
1.482874
1.516293
1.460912
1.497084
1.520314
1.450442
1.502899
1.531759
1.475786
1.514934
1.445876
1.382754
1.438214
1.470486
1.389016
1.331435
1.262283
1.167337
1.098562
1.138319
1.179039
1.216036
1.146554
1.189402
1.079049
1.118645
1.009567
0.907759
0.970094
1.025096
0.946245
0.903781
0.809332
0.858831
0.767616
0.834151
0.743893
0.670817
0.695302
0.627842
0.654443
0.706793
0.670531
0.635170
0.649517
0.665193
0.704983
0.767944
0.821718
0.759212
0.848840
0.924897
0.871155
0.907823
0.976949
0.851385
0.904607
0.983686
1.024966
0.960143
0.888433
0.967219
0.848008
0.883452
0.978771
1.049265
1.113584
1.019547
0.910568
0.784200
0.670750
0.760886
0.865235
0.926263
0.988224
0.850314
0.953365
0.856315
0.915353
0.989025
1.066125
0.997302
0.937014
0.847446
0.775356
0.681898
0.569332
0.644085
0.734853
0.833504
0.776067
0.645142
0.539708
0.595415
0.633416
0.575459
0.639761
0.557822
0.455895
0.494655
0.547738
0.495281
0.448527
0.513538
0.435980
0.389240
0.413782
0.474234
0.431994
0.393448
0.357803
0.385530
0.351152
0.389333
0.339387
0.299936
0.341601
0.395779
0.318065
0.266809
0.301133
0.323338
0.267116
0.233529
0.217696
0.214544
0.221603
0.211645
0.207211
0.206887
0.211804
0.203135
0.208629
0.225052
0.254058
0.225177
0.204196
0.191896
0.202502
0.187270
0.193678
0.180627
0.178409
0.180626
0.172796
0.174853
0.168803
0.171377
0.166366
0.163258
0.164489
0.173034
0.161028
0.156520
0.157474
0.153511
0.153649
0.161309
0.151250
0.148715
0.149827
0.145176
0.144068
0.142934
0.141033
0.139386
0.137807
0.141537
0.135864
0.140841
0.133639
0.131780
0.133346
0.139653
0.152800
0.136708
0.127551
0.133969
0.126622
0.132583
0.123426
0.120372
0.120586
0.125261
0.120164
0.128077
0.118643
0.114565
0.112511
0.113649
0.118112
0.123193
0.114182
0.108291
0.112792
0.118406
0.130648
0.147536
0.136467
0.154668
0.174737
0.149145
0.129561
0.117327
0.125090
0.138740
0.122208
0.110695
0.101080
0.094885
0.099698
0.108215
0.116108
0.102943
0.113383
0.128069
0.140874
0.153277
0.133074
0.119791
0.135298
0.118767
0.105479
0.095798
0.089845
0.085285
0.088002
0.091682
0.097021
0.105243
0.094475
0.086507
0.092632
0.100126
0.089428
0.096389
0.104086
0.091175
0.102240
0.091532
0.083737
0.076525
0.071814
0.068908
0.071663
0.068486
0.070542
0.067874
0.067028
0.066900
0.068609
0.065281
0.065735
0.069283
0.073772
0.067629
0.064065
0.063251
0.063874
0.065462
0.062425
0.061699
0.063246
0.061287
0.060424
0.061255
0.059002
0.059602
0.061348
0.058214
0.056156
0.056221
0.058317
0.055166
0.056189
0.053808
0.056254
0.060027
0.066285
0.059985
0.055145
0.058799
0.054502
0.056431
0.052507
0.056243
0.061804
0.067674
0.074614
0.066657
0.071308
0.064015
0.071618
0.063785
0.070699
0.062604
