50.000000
50.000000
50.000000
50.000000
50.000000
50.000000
50.000000
50.000000
50.000000
50.000000
50.000000
50.000000
50.000000
50.000000
50.000000
50.000000
50.000000
50.000000
50.000000
50.000000
50.000000
50.000000
50.000000
50.000000
50.000000
50.000000
50.000000
50.000000
50.000000
50.000000
50.000000
50.000000
50.000000
50.000000
50.000000
50.000000
50.000000
53.750000
50.000000
58.125000
50.000000
60.000000
77.500000
70.625000
81.250000
75.000000
60.000000
71.875000
78.750000
76.250000
70.625000
58.125000
50.000000
50.000000
51.250000
50.000000
50.000000
50.000000
50.000000
50.000000
50.000000
50.000000
50.000000
50.000000
50.000000
50.000000
50.000000
50.000000
50.000000
50.000000
50.000000
50.000000
50.000000
50.000000
50.000000
57.500000
50.000000
50.000000
50.000000
50.000000
50.000000
50.000000
50.000000
50.000000
50.000000
50.000000
50.000000
50.000000
50.000000
50.625000
53.750000
68.750000
57.500000
50.625000
50.000000
50.625000
55.625000
72.500000
61.875000
59.375000
66.250000
58.125000
69.375000
78.125000
75.625000
70.000000
75.000000
78.750000
74.375000
81.250000
85.625000
83.125000
76.250000
81.875000
84.375000
90.625000
85.000000
90.625000
87.500000
91.875000
95.625000
91.875000
86.250000
93.125000
99.375000
93.750000
91.875000
96.250000
99.375000
100.000000
100.000000
100.000000
100.000000
100.000000
100.000000
100.000000
100.000000
100.000000
99.375000
96.875000
99.375000
100.000000
100.000000
100.000000
100.000000
100.000000
100.000000
100.000000
99.375000
100.000000
100.000000
100.000000
100.000000
100.000000
100.000000
99.375000
97.500000
99.375000
100.000000
99.375000
100.000000
100.000000
98.750000
100.000000
100.000000
100.000000
100.000000
100.000000
100.000000
100.000000
100.000000
100.000000
100.000000
100.000000
100.000000
100.000000
100.000000
100.000000
100.000000
98.125000
100.000000
100.000000
100.000000
100.000000
100.000000
100.000000
100.000000
100.000000
100.000000
100.000000
100.000000
100.000000
100.000000
100.000000
100.000000
100.000000
100.000000
100.000000
100.000000
100.000000
100.000000
100.000000
99.375000
100.000000
99.375000
99.375000
99.375000
100.000000
100.000000
100.000000
99.375000
100.000000
100.000000
100.000000
100.000000
100.000000
100.000000
100.000000
100.000000
100.000000
99.375000
99.375000
99.375000
99.375000
100.000000
99.375000
100.000000
100.000000
100.000000
100.000000
100.000000
100.000000
100.000000
100.000000
100.000000
100.000000
100.000000
100.000000
100.000000
100.000000
100.000000
99.375000
100.000000
99.375000
100.000000
100.000000
100.000000
100.000000
100.000000
100.000000
100.000000
100.000000
100.000000
100.000000
100.000000
100.000000
100.000000
100.000000
100.000000
100.000000
100.000000
100.000000
100.000000
100.000000
100.000000
100.000000
100.000000
100.000000
100.000000
100.000000
100.000000
100.000000
100.000000
100.000000
100.000000
100.000000
100.000000
100.000000
100.000000
100.000000
100.000000
100.000000
100.000000
99.375000
100.000000
100.000000
100.000000
100.000000
100.000000
100.000000
100.000000
100.000000
99.375000
99.375000
99.375000
99.375000
99.375000
99.375000
99.375000
99.375000
99.375000
