1.003067
1.006654
1.028882
1.059603
1.100777
1.097663
1.108138
1.127436
1.129530
1.112920
1.105250
1.091607
1.086140
1.085261
1.092835
1.110262
1.108827
1.116365
1.112682
1.093503
1.082686
1.080630
1.063279
1.033476
1.013786
0.986970
0.949248
0.902124
0.852501
0.801421
0.752684
0.718230
0.679176
0.650228
0.630715
0.605560
0.587935
0.569520
0.547787
0.531735
0.512755
0.494513
0.481731
0.473233
0.463853
0.451685
0.441969
0.434378
0.424700
0.417432
0.408660
0.401832
0.394639
0.386664
0.379253
0.373316
0.367531
0.362600
0.358228
0.354016
0.349581
0.345250
0.341340
0.337637
0.334633
0.332197
0.329186
0.325981
0.322801
0.318989
0.315110
0.312001
0.309645
0.308533
0.307228
0.306961
0.305666
0.303427
0.299816
0.297354
0.295926
0.292992
0.288788
0.283698
0.279974
0.277233
0.275541
0.272818
0.270926
0.267896
0.263928
0.260922
0.258727
0.255545
0.251488
0.248289
0.244456
0.240277
0.236950
0.234171
0.231364
0.228418
0.225452
0.222984
0.220540
0.218234
0.215776
0.213458
0.210917
0.208582
0.206203
0.203806
0.201326
0.198802
0.196574
0.194691
0.193053
0.191441
0.189874
0.188205
0.187076
0.185762
0.184186
0.183105
0.182022
0.181144
0.180317
0.179896
0.178922
0.178315
0.178202
0.178605
0.180032
0.180027
0.179237
0.176977
0.173406
0.169422
0.164952
0.160838
0.156616
0.153726
0.151915
0.149763
0.148206
0.147262
0.146059
0.144551
0.143044
0.142095
0.141075
0.139913
0.138726
0.137734
0.136753
0.136057
0.135239
0.134662
0.134026
0.133691
0.133051
0.132927
0.133142
0.133739
0.134891
0.136754
0.137849
0.138075
0.137397
0.137421
0.136599
0.135043
0.132706
0.131307
0.130752
0.129386
0.128846
0.128782
0.127860
0.126255
0.124180
0.122731
0.120788
0.118641
0.117289
0.115465
0.114248
0.112717
0.111668
0.110170
0.109181
0.108484
0.107423
0.106167
0.104776
0.103849
0.102753
0.101671
0.100873
0.100208
0.099380
0.098577
0.097724
0.097112
0.096604
0.096062
0.095380
0.094580
0.093755
0.092862
0.091999
0.091246
0.090614
0.090133
0.089589
0.089256
0.088949
0.088963
0.089394
0.089607
0.089453
0.088869
0.088757
0.089041
0.089892
0.090204
0.089929
0.090174
0.089905
0.090213
0.091170
0.091394
0.090972
0.089935
0.089714
0.088826
0.088705
0.087853
0.087749
0.088089
0.087707
0.086578
0.084903
0.082949
0.081650
0.079977
0.078164
0.076980
0.075618
0.074577
0.073405
0.072643
0.072058
0.071238
0.070772
0.070187
0.069465
0.068838
0.068066
0.067370
0.066861
0.066221
0.065501
0.064749
0.064093
0.063518
0.063043
0.062513
0.062054
0.061551
0.061085
0.060515
0.059888
0.059256
0.058745
0.058199
0.057723
0.057220
0.056801
0.056384
0.055942
0.055510
0.055044
0.054583
0.054110
0.053667
0.053305
0.052942
0.052686
0.052500
0.052274
0.051935
0.051790
0.051524
0.051124
0.050908
0.050792
0.050525
0.050440
0.050187
0.049774
