0.000000
18.750000
45.000000
50.000000
50.000000
50.000000
50.000000
50.000000
50.000000
50.000000
50.000000
50.000000
50.000000
50.000000
50.000000
50.000000
50.000000
50.000000
50.000000
50.000000
50.000000
50.000000
50.000000
50.000000
50.000000
50.000000
50.000000
50.000000
50.625000
53.125000
55.625000
58.125000
65.000000
70.625000
70.625000
71.250000
71.875000
73.750000
74.375000
75.625000
75.625000
78.750000
80.625000
80.625000
81.875000
83.125000
83.750000
84.375000
84.375000
84.375000
85.000000
85.000000
85.000000
85.625000
85.625000
85.625000
85.625000
86.875000
86.875000
86.875000
87.500000
87.500000
88.125000
88.750000
89.375000
90.000000
90.000000
90.000000
90.000000
90.000000
88.750000
88.125000
87.500000
86.250000
85.625000
85.625000
85.625000
85.625000
85.625000
85.625000
85.625000
85.625000
85.625000
85.625000
85.625000
85.625000
85.625000
85.625000
85.625000
85.625000
86.250000
86.250000
86.250000
87.500000
88.125000
88.125000
88.125000
89.375000
90.000000
90.000000
90.625000
91.250000
91.250000
91.875000
91.875000
91.875000
91.875000
91.875000
92.500000
93.125000
93.750000
93.750000
93.750000
93.750000
93.750000
93.750000
93.750000
95.000000
95.000000
95.000000
95.625000
96.250000
96.250000
96.875000
96.875000
96.875000
97.500000
98.125000
98.125000
98.750000
99.375000
99.375000
100.000000
100.000000
100.000000
100.000000
100.000000
100.000000
100.000000
100.000000
99.375000
99.375000
99.375000
99.375000
99.375000
99.375000
99.375000
99.375000
99.375000
98.750000
98.750000
98.750000
98.125000
98.125000
97.500000
96.875000
96.875000
96.250000
96.250000
96.250000
96.250000
96.250000
96.250000
95.625000
95.625000
93.750000
92.500000
91.875000
91.875000
91.875000
91.875000
92.500000
93.750000
93.750000
93.750000
94.375000
94.375000
94.375000
94.375000
95.000000
95.625000
95.625000
95.625000
96.250000
96.250000
96.250000
96.875000
97.500000
97.500000
97.500000
97.500000
97.500000
97.500000
97.500000
98.750000
98.750000
98.750000
99.375000
99.375000
99.375000
99.375000
99.375000
99.375000
99.375000
100.000000
100.000000
100.000000
100.000000
100.000000
100.000000
100.000000
100.000000
100.000000
100.000000
100.000000
100.000000
100.000000
100.000000
100.000000
100.000000
100.000000
100.000000
100.000000
100.000000
100.000000
100.000000
100.000000
100.000000
100.000000
100.000000
100.000000
100.000000
100.000000
100.000000
100.000000
100.000000
100.000000
100.000000
100.000000
100.000000
100.000000
100.000000
100.000000
100.000000
100.000000
100.000000
100.000000
100.000000
100.000000
100.000000
100.000000
100.000000
100.000000
100.000000
100.000000
100.000000
100.000000
100.000000
100.000000
100.000000
100.000000
100.000000
100.000000
100.000000
100.000000
100.000000
100.000000
100.000000
100.000000
100.000000
100.000000
100.000000
100.000000
100.000000
100.000000
100.000000
100.000000
100.000000
100.000000
100.000000
100.000000
100.000000
100.000000
100.000000
100.000000
100.000000
100.000000
100.000000
100.000000
100.000000
100.000000
100.000000
100.000000
100.000000
100.000000
100.000000
100.000000
100.000000
100.000000
100.000000
100.000000
