1.003067
0.989808
0.976725
0.963825
0.951110
0.938587
0.926258
0.914128
0.902198
0.890473
0.878955
0.867645
0.856545
0.845656
0.834980
0.824516
0.814265
0.804226
0.794400
0.784785
0.775380
0.766184
0.757194
0.748410
0.739829
0.731448
0.723265
0.715277
0.707482
0.699875
0.692454
0.685215
0.678155
0.671270
0.664557
0.658011
0.651630
0.645408
0.639343
0.633430
0.627666
0.622046
0.616568
0.611226
0.606017
0.600937
0.595983
0.591150
0.586436
0.581837
0.577348
0.572967
0.568691
0.564515
0.560437
0.556454
0.552562
0.548759
0.545041
0.541406
0.537851
0.534373
0.530970
0.527639
0.524378
0.521184
0.518056
0.514990
0.511985
0.509039
0.506150
0.503315
0.500533
0.497803
0.495122
0.492489
0.489902
0.487360
0.484861
0.482404
0.479988
0.477610
0.475271
0.472968
0.470700
0.468467
0.466267
0.464100
0.461963
0.459857
0.457781
0.455732
0.453712
0.451718
0.449750
0.447808
0.445890
0.443996
0.442125
0.440276
0.438450
0.436645
0.434860
0.433096
0.431351
0.429626
0.427919
0.426230
0.424559
0.422905
0.421268
0.419648
0.418043
0.416455
0.414881
0.413323
0.411779
0.410249
0.408733
0.407231
0.405743
0.404267
0.402804
0.401354
0.399916
0.398490
0.397076
0.395674
0.394282
0.392902
0.391533
0.390175
0.388827
0.387489
0.386162
0.384844
0.383537
0.382239
0.380950
0.379671
0.378401
0.377140
0.375887
0.374644
0.373409
0.372182
0.370964
0.369754
0.368552
0.367357
0.366171
0.364993
0.363822
0.362658
0.361502
0.360353
0.359212
0.358077
0.356950
0.355829
0.354716
0.353609
0.352508
0.351414
0.350327
0.349246
0.348172
0.347103
0.346041
0.344985
0.343935
0.342891
0.341853
0.340820
0.339794
0.338773
0.337757
0.336748
0.335743
0.334745
0.333751
0.332763
0.331780
0.330803
0.329830
0.328863
0.327901
0.326944
0.325992
0.325044
0.324102
0.323164
0.322232
0.321304
0.320380
0.319461
0.318547
0.317638
0.316733
0.315832
0.314936
0.314044
0.313157
0.312273
0.311395
0.310520
0.309650
0.308783
0.307921
0.307063
0.306209
0.305359
0.304514
0.303672
0.302834
0.301999
0.301169
0.300343
0.299520
0.298701
0.297886
0.297075
0.296267
0.295463
0.294663
0.293866
0.293073
0.292283
0.291497
0.290714
0.289935
0.289159
0.288387
0.287618
0.286852
0.286090
0.285331
0.284575
0.283822
0.283073
0.282327
0.281585
0.280845
0.280109
0.279375
0.278645
0.277918
0.277194
0.276473
0.275755
0.275040
0.274328
0.273619
0.272913
0.272210
0.271509
0.270812
0.270117
0.269426
0.268737
0.268051
0.267368
0.266687
0.266009
0.265334
0.264662
0.263992
0.263326
0.262661
0.262000
0.261341
0.260684
0.260031
0.259380
0.258731
0.258085
0.257441
0.256801
0.256162
0.255526
0.254893
0.254262
0.253633
0.253007
0.252383
0.251762
0.251143
0.250526
0.249912
0.249300
0.248690
0.248083
0.247478
0.246876
0.246275
0.245677
0.245081
0.244488
0.243896
0.243307
0.242720
