1.003067
1.006613
1.034784
1.054665
1.100122
1.004283
1.053271
1.103316
1.024010
0.934617
0.967698
0.932182
0.967324
0.991995
1.050483
1.130063
1.014297
1.086040
1.003496
0.893297
0.943922
1.011737
0.895617
0.799770
0.848348
0.784317
0.711281
0.669459
0.658479
0.661483
0.674264
0.638291
0.657193
0.628036
0.604715
0.609292
0.586833
0.590441
0.606792
0.575328
0.603208
0.628341
0.572135
0.536175
0.544671
0.573206
0.553165
0.531758
0.562271
0.526756
0.556234
0.524052
0.546900
0.604690
0.639792
0.563955
0.628755
0.560835
0.526454
0.475272
0.505165
0.567054
0.521385
0.582334
0.655783
0.617697
0.543276
0.502406
0.479808
0.431274
0.401260
0.393076
0.388204
0.395783
0.376202
0.380474
0.368887
0.366916
0.374787
0.357171
0.349322
0.350412
0.372157
0.404885
0.365748
0.349914
0.330097
0.344132
0.332613
0.351317
0.374388
0.345611
0.323772
0.335298
0.353822
0.334349
0.359187
0.386685
0.358600
0.321873
0.366049
0.406985
0.444075
0.399537
0.343334
0.382544
0.328089
0.304582
0.324881
0.363780
0.315882
0.334775
0.298114
0.267413
0.252816
0.278085
0.316372
0.356131
0.304459
0.332829
0.395231
0.336800
0.293217
0.341327
0.374845
0.414898
0.386929
0.436017
0.376712
0.419040
0.464975
0.509082
0.572704
0.475247
0.429197
0.360922
0.299942
0.268927
0.233965
0.220995
0.196731
0.212365
0.244541
0.213560
0.236815
0.277697
0.249083
0.220908
0.207843
0.240213
0.225813
0.199760
0.181454
0.171262
0.172861
0.166545
0.170107
0.162493
0.171786
0.162380
0.172915
0.162034
0.159533
0.160267
0.163836
0.172272
0.160945
0.154021
0.149949
0.149895
0.149539
0.148930
0.152212
0.142909
0.139282
0.141072
0.137236
0.138412
0.137002
0.142511
0.151349
0.145671
0.154771
0.174424
0.154747
0.163767
0.147444
0.166685
0.153239
0.164945
0.145744
0.135048
0.143776
0.159022
0.184614
0.155148
0.172521
0.202123
0.168604
0.154117
0.171288
0.201253
0.220742
0.259740
0.229649
0.187397
0.166660
0.141725
0.152152
0.130978
0.123518
0.134686
0.154844
0.187236
0.165761
0.200026
0.223750
0.264418
0.312815
0.262067
0.220297
0.177168
0.213439
0.248612
0.302125
0.250881
0.214812
0.252521
0.223477
0.262171
0.317314
0.263801
0.228592
0.196745
0.239841
0.204559
0.249249
0.201105
0.242270
0.275201
0.229034
0.184463
0.150032
0.132099
0.148145
0.122650
0.105497
0.116784
0.103113
0.109785
0.099437
0.112892
0.126029
0.107430
0.127533
0.117177
0.099247
0.106161
0.094625
0.101404
0.115466
0.097646
0.087599
0.078453
0.082599
0.089213
0.099808
0.090415
0.101021
0.093365
0.101373
0.089915
0.080411
0.072259
0.077952
0.071967
0.079516
0.072967
0.082298
0.073021
0.078049
0.071037
0.076142
0.084590
0.076286
0.086444
0.104569
0.090384
0.110336
0.126338
0.100924
0.089592
0.108843
0.088327
0.079042
0.093173
0.105084
0.091657
0.109494
0.095934
0.085382
