0.000000
16.875000
45.000000
50.000000
50.000000
50.000000
50.000000
50.000000
50.000000
50.000000
50.000000
50.000000
50.000000
50.000000
50.000000
50.000000
50.000000
50.000000
50.000000
50.000000
50.000000
50.000000
50.000000
52.500000
50.000000
52.500000
71.250000
77.500000
78.750000
58.750000
51.250000
71.250000
53.125000
70.000000
81.250000
71.875000
81.875000
78.125000
66.875000
80.625000
63.750000
56.250000
75.625000
83.125000
83.750000
72.500000
77.500000
85.000000
71.250000
85.625000
68.125000
85.000000
70.000000
53.125000
50.000000
61.875000
50.000000
63.750000
72.500000
92.500000
79.375000
56.250000
70.000000
54.375000
50.000000
50.000000
61.250000
76.875000
93.125000
96.875000
91.875000
88.125000
85.625000
85.000000
85.625000
85.625000
87.500000
91.250000
96.250000
92.500000
88.125000
93.125000
97.500000
99.375000
97.500000
95.000000
90.000000
95.000000
92.500000
96.875000
99.375000
96.875000
94.375000
96.875000
99.375000
98.750000
99.375000
96.875000
98.750000
99.375000
98.125000
91.250000
81.875000
92.500000
98.750000
94.375000
100.000000
100.000000
99.375000
97.500000
100.000000
99.375000
100.000000
100.000000
98.125000
100.000000
99.375000
94.375000
100.000000
99.375000
90.000000
98.125000
100.000000
96.875000
91.875000
80.000000
90.000000
77.500000
90.000000
78.750000
68.750000
63.125000
56.250000
66.250000
75.625000
88.125000
100.000000
100.000000
100.000000
100.000000
100.000000
100.000000
100.000000
100.000000
100.000000
100.000000
100.000000
100.000000
100.000000
100.000000
100.000000
100.000000
98.750000
98.125000
99.375000
98.125000
99.375000
98.750000
100.000000
98.750000
100.000000
98.750000
96.250000
95.625000
92.500000
91.875000
93.125000
96.250000
96.875000
96.250000
98.125000
98.750000
100.000000
99.375000
98.125000
99.375000
98.125000
96.875000
98.750000
100.000000
100.000000
100.000000
100.000000
100.000000
100.000000
100.000000
100.000000
100.000000
100.000000
100.000000
100.000000
100.000000
100.000000
100.000000
100.000000
100.000000
100.000000
100.000000
100.000000
100.000000
100.000000
100.000000
100.000000
97.500000
99.375000
100.000000
100.000000
100.000000
100.000000
100.000000
100.000000
100.000000
100.000000
100.000000
100.000000
100.000000
99.375000
97.500000
93.125000
96.875000
99.375000
100.000000
100.000000
98.750000
94.375000
97.500000
99.375000
97.500000
98.750000
95.625000
92.500000
95.625000
98.125000
99.375000
96.250000
98.750000
95.625000
98.750000
95.625000
95.625000
96.875000
99.375000
100.000000
100.000000
100.000000
100.000000
100.000000
100.000000
100.000000
100.000000
100.000000
100.000000
100.000000
100.000000
100.000000
100.000000
100.000000
100.000000
100.000000
100.000000
100.000000
100.000000
100.000000
100.000000
100.000000
100.000000
100.000000
100.000000
100.000000
100.000000
100.000000
100.000000
100.000000
100.000000
100.000000
100.000000
100.000000
100.000000
100.000000
100.000000
100.000000
100.000000
100.000000
100.000000
100.000000
100.000000
100.000000
100.000000
100.000000
100.000000
100.000000
100.000000
100.000000
100.000000
100.000000
100.000000
100.000000
100.000000
100.000000
100.000000
100.000000
