1.000000
0.991346
0.988781
0.981974
0.980585
0.972772
0.954555
0.935778
0.918250
0.898415
0.876285
0.858122
0.838837
0.820909
0.805850
0.794306
0.785578
0.780443
0.771723
0.760100
0.747978
0.735314
0.716195
0.701773
0.685871
0.672879
0.658483
0.644482
0.632478
0.616514
0.602577
0.587782
0.574139
0.563634
0.558435
0.554237
0.555039
0.562449
0.565876
0.564123
0.566126
0.564719
0.568262
0.569198
0.577164
0.576632
0.580761
0.591882
0.596684
0.604632
0.615551
0.632947
0.641123
0.656562
0.674774
0.683795
0.696062
0.711585
0.715132
0.712544
0.699361
0.683797
0.665010
0.657071
0.644109
0.636168
0.619264
0.608541
0.594371
0.576567
0.552031
0.534933
0.515238
0.494030
0.471482
0.457099
0.440964
0.433573
0.430579
0.421008
0.406568
0.388508
0.376015
0.370035
0.360294
0.355155
0.347167
0.334588
0.328519
0.319811
0.316617
0.317778
0.314664
0.308521
0.307022
0.308619
0.305113
0.304535
0.298682
0.291799
0.281962
0.275136
0.270776
0.270472
0.273730
0.280494
0.283441
0.289286
0.291149
0.288056
0.281119
0.277203
0.277541
0.280936
0.288123
0.290690
0.288986
0.283475
0.283034
0.285262
0.283195
0.276540
0.266529
0.254409
0.246492
0.237994
0.227635
0.220695
0.212235
0.206305
0.199241
0.190406
0.181600
0.173224
0.167362
0.163769
0.162173
0.159045
0.157765
0.155006
0.153721
0.151021
0.147276
0.142936
0.138363
0.135740
0.132694
0.129438
0.126246
0.124222
0.122054
0.120703
0.119915
0.119576
0.118840
0.117774
0.117160
0.116696
0.115921
0.115490
0.114667
0.113522
0.112142
0.110699
0.109629
0.108789
0.107865
0.106925
0.106168
0.105571
0.104864
0.104347
0.104009
0.103611
0.103189
0.102969
0.102581
0.101979
0.101198
0.100307
0.099702
0.099038
0.098551
0.097943
0.097314
0.096747
0.096301
0.095832
0.095346
0.094824
0.094346
0.093906
0.093264
0.092788
0.092197
0.091464
0.090537
0.089646
0.088751
0.088180
0.087736
0.087398
0.086985
0.086798
0.086430
0.086168
0.086106
0.086403
0.087240
0.087720
0.088774
0.089259
0.089315
0.088800
0.087712
0.086220
0.084361
0.083094
0.082461
0.082421
0.081949
0.081963
0.081526
0.081599
0.081964
0.082754
0.084067
0.086115
0.087440
0.089246
0.091914
0.095564
0.098302
0.099956
0.100490
0.100277
0.101288
0.102970
0.105731
0.107115
0.109620
0.113172
0.115097
0.115975
0.115255
0.113335
0.110531
0.106802
0.102310
0.099542
0.098212
0.095747
0.092526
0.090912
0.088519
0.087047
0.084864
0.083863
0.083523
0.083728
0.082880
0.081259
0.079016
0.076436
0.073619
0.070599
0.068454
0.067171
0.065533
0.064469
0.064000
0.063199
0.063007
0.063320
0.063079
0.062340
0.061317
0.060074
0.059246
0.058890
0.058133
0.057854
0.058011
0.058523
0.059473
0.059908
0.060817
0.061113
0.061935
0.063348
0.064047
0.065253
0.067042
0.069428
0.072628
0.076512
0.079325
0.082852
0.085230
0.088424
0.092528
