0.000000
0.000000
48.750000
50.000000
50.000000
50.000000
50.000000
50.000000
50.000000
50.000000
50.000000
50.000000
50.000000
48.750000
56.875000
65.625000
53.125000
45.000000
44.375000
46.250000
49.375000
56.250000
64.375000
72.500000
78.125000
80.625000
83.750000
84.375000
85.000000
84.375000
84.375000
83.750000
82.500000
81.250000
79.375000
77.500000
73.750000
70.000000
67.500000
66.875000
65.625000
65.625000
65.000000
64.375000
62.500000
61.875000
61.875000
60.625000
60.000000
55.000000
53.750000
52.500000
51.875000
51.250000
50.625000
50.000000
50.000000
50.000000
50.000000
50.000000
50.000000
50.625000
51.250000
51.875000
52.500000
52.500000
53.125000
53.750000
54.375000
56.250000
60.625000
63.125000
64.375000
68.750000
71.250000
73.125000
77.500000
78.125000
78.125000
78.750000
81.250000
81.875000
83.750000
83.750000
84.375000
84.375000
85.625000
87.500000
88.750000
90.000000
91.250000
91.250000
91.250000
91.250000
92.500000
91.250000
92.500000
91.875000
93.125000
93.125000
93.750000
94.375000
94.375000
94.375000
93.750000
93.125000
93.125000
91.250000
91.250000
91.250000
91.250000
91.250000
91.250000
90.000000
89.375000
88.750000
88.750000
89.375000
88.750000
88.125000
88.125000
88.750000
90.000000
91.250000
91.875000
93.125000
93.750000
93.750000
95.000000
95.000000
95.000000
96.250000
98.750000
99.375000
99.375000
100.000000
100.000000
100.000000
100.000000
100.000000
100.000000
100.000000
100.000000
100.000000
100.000000
100.000000
100.000000
100.000000
100.000000
100.000000
100.000000
100.000000
100.000000
100.000000
100.000000
100.000000
100.000000
100.000000
100.000000
100.000000
100.000000
100.000000
100.000000
100.000000
100.000000
100.000000
100.000000
100.000000
100.000000
100.000000
100.000000
100.000000
100.000000
100.000000
100.000000
100.000000
100.000000
100.000000
100.000000
100.000000
100.000000
100.000000
100.000000
100.000000
100.000000
100.000000
100.000000
100.000000
100.000000
100.000000
99.375000
99.375000
99.375000
99.375000
99.375000
99.375000
99.375000
100.000000
100.000000
100.000000
100.000000
100.000000
100.000000
100.000000
100.000000
100.000000
100.000000
100.000000
100.000000
100.000000
100.000000
100.000000
100.000000
100.000000
100.000000
100.000000
100.000000
100.000000
100.000000
100.000000
100.000000
100.000000
100.000000
100.000000
100.000000
100.000000
100.000000
100.000000
100.000000
100.000000
100.000000
100.000000
100.000000
100.000000
100.000000
100.000000
100.000000
100.000000
100.000000
100.000000
100.000000
100.000000
100.000000
100.000000
100.000000
100.000000
100.000000
100.000000
100.000000
100.000000
100.000000
100.000000
100.000000
100.000000
100.000000
100.000000
100.000000
100.000000
100.000000
100.000000
100.000000
100.000000
100.000000
100.000000
100.000000
100.000000
100.000000
100.000000
100.000000
100.000000
100.000000
100.000000
100.000000
100.000000
100.000000
100.000000
100.000000
100.000000
100.000000
100.000000
100.000000
100.000000
100.000000
100.000000
100.000000
100.000000
100.000000
100.000000
100.000000
100.000000
100.000000
100.000000
100.000000
100.000000
100.000000
100.000000
100.000000
100.000000
100.000000
100.000000
100.000000
