1.000000
0.986909
0.973999
0.961276
0.948744
0.936407
0.924268
0.912330
0.900597
0.889070
0.877751
0.866643
0.855745
0.845060
0.834588
0.824328
0.814280
0.804445
0.794821
0.785406
0.776200
0.767201
0.758407
0.749816
0.741425
0.733231
0.725232
0.717426
0.709808
0.702375
0.695124
0.688053
0.681156
0.674430
0.667872
0.661477
0.655243
0.649165
0.643238
0.637461
0.631827
0.626334
0.620978
0.615754
0.610660
0.605691
0.600844
0.596114
0.591500
0.586996
0.582599
0.578307
0.574115
0.570021
0.566022
0.562114
0.558294
0.554559
0.550908
0.547336
0.543841
0.540421
0.537073
0.533795
0.530584
0.527438
0.524355
0.521333
0.518370
0.515463
0.512611
0.509811
0.507063
0.504365
0.501714
0.499109
0.496549
0.494033
0.491558
0.489123
0.486728
0.484370
0.482050
0.479764
0.477513
0.475295
0.473110
0.470955
0.468831
0.466737
0.464670
0.462632
0.460620
0.458634
0.456673
0.454737
0.452825
0.450936
0.449070
0.447225
0.445402
0.443599
0.441817
0.440054
0.438310
0.436585
0.434878
0.433189
0.431518
0.429863
0.428224
0.426601
0.424995
0.423403
0.421827
0.420265
0.418717
0.417183
0.415663
0.414157
0.412663
0.411182
0.409714
0.408258
0.406814
0.405382
0.403962
0.402553
0.401155
0.399768
0.398391
0.397026
0.395670
0.394325
0.392990
0.391664
0.390348
0.389042
0.387745
0.386457
0.385178
0.383908
0.382646
0.381394
0.380149
0.378913
0.377685
0.376466
0.375254
0.374050
0.372854
0.371665
0.370484
0.369311
0.368144
0.366985
0.365833
0.364688
0.363550
0.362419
0.361294
0.360176
0.359065
0.357960
0.356862
0.355770
0.354684
0.353605
0.352531
0.351464
0.350403
0.349347
0.348298
0.347254
0.346216
0.345183
0.344156
0.343135
0.342119
0.341108
0.340103
0.339103
0.338109
0.337119
0.336135
0.335156
0.334182
0.333213
0.332249
0.331289
0.330335
0.329385
0.328440
0.327500
0.326565
0.325634
0.324707
0.323786
0.322868
0.321956
0.321047
0.320143
0.319243
0.318348
0.317457
0.316570
0.315687
0.314809
0.313935
0.313064
0.312198
0.311336
0.310477
0.309623
0.308773
0.307926
0.307084
0.306245
0.305410
0.304579
0.303751
0.302928
0.302108
0.301291
0.300478
0.299669
0.298864
0.298061
0.297263
0.296468
0.295676
0.294888
0.294103
0.293322
0.292544
0.291770
0.290998
0.290230
0.289466
0.288704
0.287946
0.287191
0.286439
0.285690
0.284945
0.284202
0.283463
0.282727
0.281993
0.281263
0.280536
0.279812
0.279091
0.278373
0.277657
0.276945
0.276235
0.275529
0.274825
0.274124
0.273426
0.272731
0.272038
0.271348
0.270661
0.269977
0.269296
0.268617
0.267941
0.267267
0.266596
0.265928
0.265262
0.264599
0.263939
0.263281
0.262626
0.261973
0.261323
0.260675
0.260030
0.259387
0.258747
0.258109
0.257474
0.256841
0.256210
0.255582
0.254956
0.254332
0.253711
0.253093
0.252476
0.251862
0.251250
0.250641
0.250033
0.249428
0.248825
0.248225
0.247627
