0.000000
0.000000
0.000000
0.000000
0.000000
0.625000
11.250000
21.875000
25.625000
26.875000
33.125000
35.000000
35.000000
35.625000
36.875000
37.500000
38.750000
40.000000
41.250000
41.250000
41.875000
41.875000
42.500000
43.750000
45.000000
45.625000
46.250000
46.875000
47.500000
47.500000
49.375000
49.375000
49.375000
49.375000
49.375000
49.375000
49.375000
50.000000
50.000000
50.625000
51.250000
51.875000
53.125000
53.750000
55.625000
56.875000
57.500000
58.125000
58.750000
58.750000
58.750000
58.750000
60.000000
61.250000
61.875000
62.500000
62.500000
62.500000
63.125000
63.750000
63.750000
64.375000
64.375000
65.000000
65.000000
65.625000
66.250000
66.250000
68.125000
68.125000
68.125000
68.125000
68.125000
69.375000
69.375000
70.000000
70.625000
70.625000
70.625000
70.625000
70.625000
70.625000
70.625000
71.250000
71.875000
71.875000
71.875000
71.875000
71.875000
71.875000
72.500000
73.125000
74.375000
74.375000
74.375000
75.000000
75.625000
75.625000
75.625000
75.625000
75.625000
76.250000
76.250000
76.250000
76.250000
76.250000
76.250000
76.250000
77.500000
78.750000
79.375000
79.375000
79.375000
80.000000
80.000000
80.625000
81.250000
82.500000
82.500000
82.500000
82.500000
82.500000
82.500000
82.500000
82.500000
82.500000
82.500000
83.750000
83.750000
83.750000
84.375000
85.625000
85.625000
85.625000
85.625000
86.250000
86.250000
86.250000
86.250000
86.250000
86.250000
86.250000
86.250000
87.500000
87.500000
87.500000
87.500000
87.500000
87.500000
88.125000
88.125000
88.750000
88.750000
88.750000
88.750000
88.750000
88.750000
88.750000
88.750000
88.750000
88.750000
88.750000
89.375000
89.375000
89.375000
89.375000
89.375000
89.375000
89.375000
89.375000
89.375000
89.375000
90.000000
90.000000
90.625000
90.625000
91.250000
91.250000
91.250000
91.250000
91.250000
91.250000
91.250000
91.250000
91.250000
91.250000
91.250000
91.250000
91.250000
91.250000
91.250000
91.250000
91.250000
91.250000
91.250000
91.250000
91.250000
91.875000
91.875000
91.875000
91.875000
91.875000
91.875000
92.500000
92.500000
92.500000
92.500000
92.500000
92.500000
92.500000
92.500000
92.500000
92.500000
92.500000
92.500000
92.500000
92.500000
92.500000
92.500000
93.125000
93.125000
93.125000
93.125000
93.125000
93.125000
93.125000
93.125000
93.125000
93.125000
93.125000
93.125000
93.125000
93.125000
93.125000
93.125000
93.125000
93.125000
93.125000
93.125000
93.125000
93.125000
93.750000
93.750000
93.750000
93.750000
93.750000
93.750000
93.750000
93.750000
93.750000
93.750000
93.750000
93.750000
93.750000
93.750000
93.750000
93.750000
94.375000
94.375000
94.375000
94.375000
94.375000
94.375000
94.375000
94.375000
94.375000
94.375000
94.375000
94.375000
94.375000
94.375000
94.375000
95.000000
95.000000
95.000000
95.000000
95.000000
95.000000
95.625000
95.625000
95.625000
95.625000
95.625000
95.625000
95.625000
96.250000
96.250000
96.250000
96.250000
96.250000
96.250000
96.250000
96.250000
96.250000
96.250000
96.250000
96.250000
96.250000
96.250000
96.250000
96.250000
