0.000000
0.625000
50.000000
36.250000
50.000000
22.500000
0.625000
36.250000
3.750000
18.125000
45.000000
36.250000
46.250000
50.000000
50.000000
50.000000
50.000000
50.000000
50.000000
50.000000
50.000000
43.125000
49.375000
43.750000
50.625000
42.500000
55.625000
68.125000
58.750000
75.000000
72.500000
75.625000
51.875000
50.000000
50.000000
50.000000
50.000000
50.000000
50.000000
50.000000
50.000000
50.000000
50.000000
50.000000
50.000000
50.000000
50.000000
50.000000
50.000000
50.000000
50.000000
50.000000
50.000000
50.000000
50.000000
50.000000
50.000000
50.000000
50.000000
50.000000
50.000000
50.000000
50.625000
50.000000
50.000000
50.000000
51.875000
50.625000
51.875000
58.125000
81.250000
63.125000
82.500000
93.125000
99.375000
91.875000
99.375000
83.125000
65.000000
90.625000
99.375000
100.000000
99.375000
95.000000
99.375000
95.000000
99.375000
100.000000
99.375000
100.000000
99.375000
85.000000
99.375000
100.000000
98.125000
83.125000
99.375000
91.875000
99.375000
100.000000
100.000000
100.000000
100.000000
95.625000
83.125000
65.000000
80.625000
66.875000
80.625000
94.375000
99.375000
95.000000
86.875000
75.000000
63.125000
73.125000
86.875000
95.000000
85.625000
75.000000
88.125000
95.000000
99.375000
100.000000
100.000000
100.000000
100.000000
100.000000
100.000000
100.000000
100.000000
100.000000
99.375000
99.375000
100.000000
100.000000
100.000000
100.000000
100.000000
100.000000
100.000000
100.000000
100.000000
99.375000
97.500000
99.375000
98.125000
96.875000
94.375000
96.875000
94.375000
96.875000
99.375000
99.375000
99.375000
96.875000
99.375000
99.375000
99.375000
100.000000
99.375000
98.750000
96.875000
94.375000
96.875000
98.750000
96.875000
93.750000
96.875000
98.750000
96.875000
98.750000
99.375000
99.375000
99.375000
100.000000
99.375000
99.375000
96.875000
96.875000
98.125000
96.875000
98.125000
96.875000
95.625000
93.125000
95.625000
96.875000
95.625000
96.875000
95.625000
94.375000
96.875000
95.000000
96.875000
98.750000
99.375000
99.375000
100.000000
100.000000
100.000000
100.000000
100.000000
100.000000
100.000000
100.000000
100.000000
100.000000
100.000000
100.000000
100.000000
100.000000
100.000000
100.000000
100.000000
100.000000
99.375000
100.000000
100.000000
100.000000
100.000000
100.000000
100.000000
100.000000
100.000000
100.000000
100.000000
100.000000
100.000000
100.000000
100.000000
98.125000
100.000000
100.000000
100.000000
100.000000
100.000000
100.000000
100.000000
100.000000
100.000000
96.250000
100.000000
100.000000
100.000000
100.000000
100.000000
100.000000
100.000000
100.000000
100.000000
100.000000
100.000000
100.000000
100.000000
100.000000
100.000000
100.000000
100.000000
100.000000
100.000000
100.000000
100.000000
100.000000
100.000000
100.000000
100.000000
100.000000
100.000000
100.000000
100.000000
100.000000
100.000000
100.000000
100.000000
100.000000
100.000000
100.000000
100.000000
100.000000
100.000000
100.000000
100.000000
100.000000
100.000000
100.000000
100.000000
100.000000
100.000000
100.000000
100.000000
100.000000
100.000000
100.000000
100.000000
99.375000
100.000000
99.375000
100.000000
99.375000
96.875000
