1.000000
0.992642
0.991314
0.973945
0.979606
0.962245
0.957519
0.963568
0.921929
0.919198
0.940461
0.913057
0.941762
0.973539
0.996514
1.056762
1.012859
1.066435
0.982751
0.920048
0.886355
0.858923
0.804480
0.827696
0.793493
0.811486
0.775184
0.761620
0.765056
0.732110
0.727630
0.705033
0.709867
0.741305
0.799738
0.735924
0.792332
0.867852
0.775463
0.701916
0.742219
0.694323
0.748756
0.712340
0.791138
0.697801
0.751081
0.834086
0.760969
0.803724
0.849253
0.935393
0.841331
0.932464
0.981523
0.892276
0.941850
0.994209
0.885474
0.818505
0.717587
0.677730
0.628734
0.707862
0.647144
0.686586
0.596272
0.640776
0.592587
0.543271
0.478848
0.512313
0.472859
0.443375
0.418364
0.446486
0.420738
0.467223
0.503970
0.440609
0.395732
0.366260
0.379733
0.415110
0.377209
0.405394
0.373342
0.338166
0.367243
0.340296
0.375294
0.422990
0.373131
0.340680
0.379174
0.417584
0.358707
0.390071
0.332857
0.316510
0.288371
0.298641
0.313371
0.355007
0.408960
0.473894
0.415130
0.468686
0.410203
0.345636
0.299465
0.323693
0.373992
0.423506
0.493989
0.424519
0.365454
0.316129
0.372600
0.413857
0.354359
0.297485
0.256514
0.228594
0.246931
0.232247
0.209941
0.222024
0.203620
0.212021
0.197154
0.184216
0.181677
0.181902
0.178016
0.180724
0.193670
0.178049
0.191305
0.175516
0.184453
0.170218
0.164868
0.166739
0.175057
0.164124
0.168072
0.176034
0.186344
0.167178
0.181710
0.164015
0.155144
0.153266
0.152823
0.156974
0.150519
0.147525
0.146861
0.146106
0.143842
0.145953
0.153374
0.163931
0.150359
0.140495
0.147514
0.160106
0.144760
0.136858
0.140477
0.135538
0.134784
0.134482
0.131985
0.135020
0.128928
0.128607
0.132697
0.138030
0.130133
0.137485
0.129127
0.133515
0.138944
0.149447
0.137100
0.128315
0.134506
0.125894
0.132453
0.139681
0.128115
0.138026
0.126530
0.118080
0.111774
0.110889
0.110178
0.117078
0.109599
0.111628
0.107265
0.111118
0.104463
0.105339
0.108742
0.116447
0.129724
0.118298
0.132560
0.115488
0.108883
0.102016
0.096363
0.094204
0.095106
0.091732
0.093298
0.098392
0.094413
0.099187
0.093487
0.098681
0.103011
0.112036
0.125843
0.150031
0.129673
0.143569
0.173766
0.211753
0.184923
0.161083
0.140740
0.128854
0.155262
0.172903
0.208145
0.175167
0.207797
0.242935
0.199530
0.180790
0.146538
0.128294
0.114941
0.099021
0.088361
0.096870
0.109380
0.093038
0.084337
0.094948
0.084472
0.088967
0.080489
0.088393
0.094670
0.102000
0.087059
0.078264
0.072343
0.069356
0.067747
0.067970
0.065605
0.067036
0.065531
0.065062
0.067923
0.065393
0.070027
0.077492
0.069461
0.064969
0.063445
0.062833
0.062114
0.064445
0.061354
0.064376
0.069780
0.076226
0.087501
0.075216
0.084876
0.073622
0.084252
0.100100
0.083927
0.095334
0.111132
0.131242
0.163804
0.192439
0.153240
0.179197
0.152044
0.178453
0.211412
